120
 71
130
 35
252
105
210
101
126
 15
 72
 74
 72
158
115
 70
244
 23
240
138
 46
 93
189
 70
 88
 36
 36
178
 40
 92
188
 41
158
203
206
108
177
 77
119
240
120
 15
145
147
 20
159
 15
  0
242
184
107
217
 75
130
146
141
  2
 94
227
103
 73
 87
226
 46
244
151
249
207
 14
 98
232
 76
115
 77
247
129
234
 80
210
123
 47
 34
211
217
 76
107
 86
 27
143
198
  5
221
220
131
174
222
215
 96
 29
227
 26
253
212
100
197
 84
117
 42
123
129
200
200
 97
124
155
116
 67
 71
114
255
 32
 84
229
206
197
 60
 70
 54
192
101
180
141
 14
 25
156
 41
107
172
208
134
 81
155
192
 24
157
 64
214
149
 93
150
 57
  8
132
 17
102
 15
116
 84
148
 72
147
214
146
 36
100
135
157
 50
109
 46
223
118
 95
116
 60
174
 64
136
108
118
210
 91
234
245
235
115
118
 99
  9
203
 79
 75
225
206
236
254
 48
160
146
244
124
113
242
193
 78
 84
 29
 72
 27
229
 64
164
 15
244
 91
198
 50
 11
145
 89
 73
141
 97
224
 93
148
 42
 64
 85
  2
118
179
118
251
 84
 58
158
247
  3
166
  2
  8
110
149
167
176
144
233
235
216
 81
214
 42
142
179
189
110
 15
154
229
 87
 13
 95
 47
232
165
 69
152
  6
152
193
155
167
  2
 42
198
 67
138
 82
112
147
224
181
152
 65
 81
133
172
143
172
 47
211
167
 46
216
190
 25
196
115
 99
123
178
 85
112
135
 99
  5
248
 19
132
226
255
 78
133
208
143
 79
157
204
149
 99
157
182
 56
212
 74
252
151
249
 38
223
 92
 71
183
105
101
 30
191
 58
196
145
111
193
171
 88
165
 12
 18
  8
 86
224
107
230
 72
210
 92
119
151
  6
 77
254
188
 83
 46
130
114
120
106
  9
127
165
 48
  2
196
162
139
 10
  6
135
136
169
 12
 24
214
133
 22
170
  4
 93
237
123
103
  4
 19
189
174
  4
166
242
 87
 54
191
139
 82
 43
 61
226
133
246
157
 62
 14
158
140
220
206
148
  4
  5
 31
 39
 41
191
233
178
181
169
159
243
104
230
 93
249
135
 90
194
194
 51
 43
 87
235
170
 54
 37
201
180
 90
247
193
 57
 61
 56
190
147
  3
130
 47
213
219
117
120
159
  6
151
247
122
248
 30
182
 34
212
 43
224
237
173
 84
169
191
189
 85
108
212
174
121
210
208
 64
 86
 25
  0
160
140
128
242
247
148
244
 27
223
 25
145
154
130
 47
 40
165
236
234
206
212
 90
113
165
125
116
179
 43
187
155
  9
 65
 52
129
 39
246
 61
230
 63
177
214
 31
 17
235
160
  6
148
 53
 36
 69
162
 60
189
233
179
106
 32
228
209
127
223
 67
 15
195
 90
 20
 64
143
163
163
 49
194
 55
 61
 19
 82
 81
118
154
177
225
153
201
209
 89
  3
196
237
 55
104
153
 47
  0
128
238
158
 69
152
227
143
 52
 95
 94
118
209
 31
111
169
121
164
124
212
 76
 31
121
112
 74
 18
248
156
100
186
 66
184
140
152
 29
190
207
206
105
160
186
231
 10
191
138
 22
118
215
 86
135
 24
118
130
 19
119
125
192
147
 86
152
188
 61
240
161
212
196
177
189
 36
243
227
 33
177
192
224
217
138
146
192
225
254
  9
243
162
213
157
 54
128
234
 28
 71
 91
 65
184
246
 81
 36
212
 53
 90
146
251
 81
 20
103
 74
247
223
216
251
 18
210
198
 41
143
 38
  1
126
 18
111
198
109
183
108
 84
 96
 86
116
 19
  5
 98
  7
174
249
128
195
112
 79
239
 99
 85
252
118
 70
191
 39
 21
250
139
148
157
178
  0
232
 96
227
 29
123
250
248
117
113
230
174
129
211
  2
 74
155
203
 80
 83
238
139
 45
 85
101
178
 33
 15
192
169
215
 82
225
 89
 54
  4
121
248
218
113
188
157
214
184
 76
131
122
148
 74
144
 87
142
177
142
147
  7
220
200
107
100
131
215
 14
118
164
 27
132
251
 96
 71
 28
158
 39
111
138
160
 21
105
 62
101
143
 77
 85
215
138
159
102
162
 81
193
 74
 75
175
146
 20
218
181
 39
201
211
168
253
177
133
 10
119
199
225
 39
186
 58
 20
114
 26
125
208
194
135
167
135
180
 78
110
247
 55
 56
144
129
169
 63
 50
158
179
115
 51
 27
174
 73
 49
182
228
 14
 11
132
198
 12
 79
157
215
128
143
 31
137
 54
232
224
 59
 77
114
122
252
174
109
175
126
248
 73
112
216
 30
147
102
164
 42
217
 35
175
121
 92
184
154
130
 28
 63
246
  6
202
 76
 97
204
 98
 31
 89
 74
184
197
252
 38
186
 59
218
 76
  5
137
105
232
219
137
 34
205
178
 49
 10
226
 31
126
 66
225
 12
159
105
184
171
224
220
145
 59
 83
253
142
255
253
191
227
111
 68
 20
 28
194
 11
163
 20
197
 25
125
192
186
229
146
 20
 10
166
208
 86
  0
186
 36
148
176
 18
  6
 42
134
 96
118
 70
 53
244
 93
 50
 48
 17
193
218
242
176
226
235
181
114
 41
145
209
203
 64
 73
226
157
 41
 18
158
119
219
108
233
199
 52
137
245
172
131
101
189
115
203
185
 75
 63
100
 48
151
118
 95
  8
181
168
134
185
160
  7
114
153
155
141
 36
 68
126
 54
 52
 97
246
 73
202
151
 59
 40
 59
167
  9
112
136
106
207
 99
218
120
151
156
107
 73
 18
121
136
203
 57
190
 63
185
253
216
208
181
150
 57
185
  7
119
 12
129
204
180
105
 53
 72
239
 53
159
219
184
 95
 62
181
233
 91
238
 65
251
 68
 81
101
214
 99
111
 23
 20
 32
230
 41
135
200
189
 86
 82
 42
101
206
189
  1
220
155
204
 19
136
202
 19
132
177
  1
101
121
 91
 36
248
107
134
196
243
 95
 29
184
 52
 90
241
131
 56
199
 62
 78
 54
102
 67
174
 89
178
170
127
192
183
144
196
211
 43
227
196
199
 83
 90
150
 94
 76
193
 85
104
  4
210
 44
113
 89
 46
171
204
 87
 56
107
226
214
151
 13
 73
 53
  5
 30
248
 36
198
 26
 86
123
 56
164
247
131
101
133
241
251
224
 24
 38
196
171
 91
134
146
177
205
169
 43
125
172
237
 70
140
178
 12
 54
216
137
 12
113
  7
241
  0
123
228
 83
 88
 91
164
 69
 92
 66
 44
 65
 38
 87
100
174
139
128
147
216
251
156
134
 40
203
176
102
247
 69
100
179
242
 20
 33
 26
194
  4
 63
 85
120
 67
135
 80
105
 76
254
186
135
 49
 17
100
142
223
120
 74
251
170
123
  2
 42
 29
171
 50
187
 30
137
137
 17
 83
 89
196
121
 18
 64
 79
163
179
214
  5
 71
 65
237
  3
126
 18
225
 52
185
 87
 54
 21
 24
161
189
243
 12
146
221
 91
 31
152
153
 34
 31
106
211
115
201
104
199
 79
 17
 78
245
 88
 36
 22
 46
202
206
  0
 24
238
174
 73
162
 86
172
240
 78
184
169
104
 44
181
251
173
 76
 86
184
247
 41
162
177
 99
147
132
253
187
 19
177
106
 83
172
199
203
 27
131
106
240
 34
 88
166
239
 43
 56
 70
125
 21
 98
173
 52
136
 13
234
105
110
 52
111
144
198
 14
159
 24
 96
136
150
223
226
197
252
 69
 37
 88
 20
186
 95
186
252
 12
157
236
140
  1
167
 54
165
 37
157
226
205
151
151
211
100
238
145
247
241
196
133
192
 89
 17
140
169
212
191
243
121
230
221
 83
250
 52
131
 23
248
176
143
  7
151
 75
201
 66
136
230
178
195
214
185
168
 47
175
 50
252
107
123
  1
153
129
 85
251
228
207
 24
228
 68
153
 12
 72
152
 99
105
106
239
156
142
  3
102
 90
167
 70
161
140
201
145
128
 20
233
218
 28
 30
187
203
106
233
248
160
 46
108
233
 22
 38
200
210
 14
163
231
 23
233
127
  0
121
 75
199
  3
119
 33
150
 37
 79
128
 71
132
232
109
116
153
153
164
106
176
 68
 19
 69
252
 92
 87
182
 23
 47
194
238
 31
201
198
238
  8
 59
255
116
238
190
132
137
 27
219
220
240
210
213
213
148
 12
 21
206
251
  8
219
194
143
182
128
107
  0
 89
253
 14
 94
133
196
 88
110
177
212
222
240
 22
207
 41
208
 78
 70
 53
208
136
255
223
204
156
248
176
103
 17
 80
100
141
188
116
235
160
153
 82
 41
  7
188
 83
 62
154
237
205
100
151
 33
  8
 13
  7
 86
234
 27
205
 13
 86
221
 98
226
223
150
238
 67
223
219
232
 58
156
 28
189
216
246
 33
 92
 15
154
251
151
  2
  2
 12
 12
 47
 30
 40
251
  2
 25
 54
192
169
105
212
 67
172
120
  1
109
207
 16
132
198
 74
123
 50
 40
236
175
 80
203
137
 64
 79
173
205
201
105
186
 58
 81
 66
 66
121
182
 32
 56
134
135
 41
245
210
 43
 62
 89
176
184
115
144
131
 84
 86
123
184
241
 37
  7
160
238
194
113
175
186
251
 93
200
167
 27
247
  2
191
253
185
 55
221
 56
 66
246
 29
117
 59
199
 54
226
248
 90
110
 79
 10
123
 96
140
128
125
 18
 39
 32
117
160
212
  9
254
157
 73
145
 83
203
109
166
  0
132
 53
 31
 99
112
249
 82
168
 11
184
 15
 59
144
216
114
213
 20
 43
251
154
207
175
 72
226
169
 46
 47
248
  5
227
162
 12
 67
197
 65
 83
 93
167
 55
164
 28
151
  5
125
236
 82
 14
 92
212
 59
 58
 53
 46
227
 38
206
201
191
202
142
169
191
238
 28
 17
104
 65
101
156
 61
 36
 95
 39
 15
 73
207
 48
 78
131
220
153
 84
 51
 73
112
242
166
146
227
204
234
220
 49
110
  1
 71
117
 23
175
178
  5
157
162
194
149
 43
129
158
108
197
231
 71
 27
167
 81
 23
178
223
242
 54
 96
113
160
 72
 55
  1
  6
208
201
210
 30
  0
114
 97
  3
130
 19
  5
255
145
200
129
241
 92
173
 24
244
 99
214
 52
189
146
 42
 20
  4
 26
150
200
 52
207
220
166
  9
205
250
205
127
 85
163
 62
146
252
237
245
136
123
 83
 94
 13
195
 57
154
 80
182
157
199
246
142
 59
 19
 72
 47
228
 13
189
139
114
169
  9
120
 35
224
  1
 91
190
152
125
 97
 55
251
209
  5
 53
 64
 51
 59
134
237
233
 50
 10
157
109
226
142
249
248
230
219
221
130
 10
234
 94
 71
199
115
248
232
107
 37
102
240
130
175
179
 48
181
 17
150
198
202
210
235
133
198
232
 97
151
157
216
241
162
 79
 97
201
230
 36
147
  0
208
  9
163
182
 50
 19
151
 60
 43
162
183
157
109
 73
 21
222
 53
204
247
211
147
 86
107
178
 49
 51
125
188
212
 22
  6
245
 80
169
 51
184
152
 48
 51
 68
171
147
 89
197
209
120
164
 75
  7
100
160
117
175
 46
171
171
 28
197
 80
142
 77
237
 71
 12
148
194
137
156
 11
166
231
113
141
126
121
 64
156
234
 71
 57
219
202
194
 71
226
255
151
135
  3
203
 66
 67
  3
153
121
 69
 35
  3
158
184
 22
 18
113
208
119
 96
201
174
209
171
115
244
 82
227
153
188
223
191
245
 54
235
166
245
209
221
 67
112
243
152
  7
109
118
102
128
220
111
240
  3
 20
 26
106
 82
 41
 41
141
139
169
221
 99
134
151
189
 70
194
232
 67
208
202
202
225
212
 91
 79
219
 59
 83
148
 76
 96
160
249
234
 29
197
149
154
 86
126
  0
196
236
155
 91
255
 32
244
 56
202
 51
 29
 88
242
239
 69
203
 71
236
 21
239
196
226
 94
198
196
 13
 75
251
 16
204
 37
 57
141
151
 78
229
147
 57
179
 41
188
  8
 99
194
 74
195
 13
 62
186
243
 15
165
 39
 24
 86
190
 12
245
192
 26
144
254
128
  3
251
 77
 90
 89
 49
138
 20
 49
 67
231
114
  0
242
101
102
233
215
144
105
246
234
132
171
140
 61
197
 94
 44
217
140
214
 42
255
 76
148
132
108
232
229
142
 70
 82
 36
111
159
 85
 21
112
163
177
128
 55
 23
 96
140
139
234
215
184
 47
247
 46
191
244
225
214
227
 94
244
144
181
223
 76
 10
113
165
  1
 96
197
130
 79
 14
228
 27
 70
 18
151
246
104
 56
 67
 23
111
 88
130
125
  0
130
 92
144
235
 47
187
 45
 76
 86
229
 13
211
 53
 46
  5
194
 68
204
198
 73
224
223
  4
 84
143
231
 64
165
214
 93
251
 57
248
151
236
143
 74
226
 39
100
159
228
250
 38
210
 76
 48
 39
 22
128
 43
 42
114
163
 10
119
114
173
 10
183
 51
134
249
235
113
208
253
176
 49
 84
120
113
 49
218
164
177
129
  5
 20
 26
 99
252
140
149
196
 52
153
244
 55
105
 33
 45
194
209
 31
206
124
188
 68
204
101
253
158
209
119
 10
170
158
130
 69
 99
 37
127
135
210
244
 40
222
 46
238
155
231
166
 33
 39
234
 94
203
 60
 46
226
127
 35
202
  4
136
 38
 72
114
176
104
 21
 38
 62
120
104
 10
 62
 77
 53
112
150
184
164
117
165
214
 50
164
141
199
112
 11
131
 53
 97
252
196
 85
254
 63
 68
158
123
 37
174
157
 99
170
179
 47
 66
 60
246
160
139
 49
101
197
229
243
 63
142
229
236
174
 94
176
224
 76
 16
241
 57
203
135
201
204
 66
  8
 80
136
 76
 45
 11
 67
 87
103
249
218
220
  1
 34
 84
 93
128
162
212
165
 48
128
202
178
 24
206
178
 16
227
209
141
 55
131
102
224
 56
 77
130
228
149
195
122
209
 44
 77
232
161
120
166
114
193
122
 12
180
118
193
190
181
 61
186
124
247
 50
 19
 85
  5
 49
152
105
212
144
199
249
 14
146
  9
 13
139
 37
139
 35
 92
 88
 76
 36
185
 57
 10
 88
217
154
 86
 31
197
  1
125
248
  7
167
 19
 90
165
192
 85
 59
244
244
243
  9
134
238
131
176
 65
 27
253
128
138
239
 12
203
171
182
123
134
 88
 83
 19
  6
179
183
 18
180
226
125
  9
142
 50
 60
192
189
 47
201
224
198
202
138
148
247
159
202
 91
151
 22
142
203
 59
220
188
 80
253
  7
112
 82
155
217
173
125
 86
197
210
199
  0
241
212
 82
102
220
 89
173
 11
239
  3
151
220
170
146
147
176
134
208
255
231
221
115
 34
191
 55
223
109
231
175
136
203
152
238
 34
 35
244
223
 42
 47
240
217
210
237
183
123
153
  1
 36
 88
 57
133
 62
231
  8
 22
210
214
 31
137
 32
 47
225
 27
 25
 85
125
 40
178
178
120
108
 63
181
  2
 61
 28
 61
237
 95
 70
181
 25
197
 40
 73
  0
 92
 75
 73
 62
 98
127
 49
 21
147
 72
222
194
115
153
160
122
143
178
 90
250
192
134
142
243
238
 59
 92
 43
165
144
 84
212
156
251
178
 63
 92
200
171
151
194
110
177
141
128
 65
 44
190
134
251
 94
173
152
 55
 33
106
 26
 92
203
156
228
 59
151
 78
 99
 18
248
135
 95
  7
150
 87
234
155
209
232
 83
170
179
163
242
120
 37
187
206
188
 69
 64
 66
  8
222
 16
245
238
 59
 34
236
 22
238
145
205
121
132
233
117
187
109
141
223
132
168
173
 48
136
 81
232
 41
190
206
164
224
 52
222
209
138
126
 83
103
 96
 59
230
128
196
131
 97
 65
 46
233
 60
 11
 82
 80
131
205
129
162
170
165
 28
 79
 37
 19
217
218
 57
122
191
228
 97
 97
187
172
 42
 26
129
 35
150
237
193
 72
  3
105
 95
 28
118
184
168
250
 41
 72
  6
 19
 67
 32
 28
 44
179
137
202
 88
234
105
195
148
157
159
 89
182
212
 50
 74
 94
 60
228
 97
  7
 25
188
188
117
184
 67
132
152
168
139
177
113
 19
148
142
118
 71
 89
142
138
 56
 68
206
212
105
106
 93
107
232
 84
191
236
229
192
112
147
211
 38
 99
207
236
195
 92
 13
109
103
 33
 47
125
169
217
222
180
197
238
 32
 62
142
 15
119
229
254
239
 49
103
127
201
158
 54
 97
103
 11
114
 84
115
 18
 48
157
143
  0
172
177
225
 65
224
127
 65
 67
185
130
 60
 72
123
 87
 72
 28
 39
 17
123
 32
187
162
244
231
219
 25
 36
192
107
 28
 23
212
 26
127
 24
 33
235
 97
 38
245
191
  8
181
 89
 75
242
215
123
  2
134
224
 73
 62
102
 96
 25
126
 24
 40
208
 56
145
243
 95
 45
234
242
 97
137
216
215
 21
123
 40
  7
 77
 88
185
205
244
154
226
236
 82
 63
252
 66
181
  4
 71
125
125
  1
 73
159
 62
198
114
143
246
182
 27
185
131
125
121
  9
176
199
240
 92
 24
190
211
 51
153
245
121
 24
 81
174
 95
164
189
142
161
  3
 84
 56
  5
 10
177
 64
 10
 72
 66
 16
189
253
  6
 72
 72
 20
225
246
106
 59
 47
 88
 76
 78
227
123
 32
  2
  7
 17
106
  2
183
103
209
255
 76
 85
107
205
151
  7
120
125
181
124
112
235
 89
176
173
 65
240
118
181
149
 39
188
127
 11
 79
 81
 85
198
243
 40
202
231
249
207
246
152
253
242
143
205
221
103
  6
 46
222
210
206
223
164
 54
 38
110
243
 52
  2
207
222
138
251
106
102
 93
142
173
  0
191
166
127
 39
101
 65
146
208
 90
173
225
232
161
165
 99
158
  9
  3
111
113
110
 27
175
111
 89
 92
 91
 32
  0
251
176
135
223
 98
238
177
252
178
120
106
 56
 85
245
 92
242
204
129
247
230
222
226
 25
157
  9
160
 41
 33
 44
201
173
 70
239
200
101
238
 23
 78
 23
125
243
211
 13
216
117
215
140
 29
245
 34
122
175
  3
149
169
 17
125
  7
209
105
 54
120
 89
126
138
103
209
 62
109
209
 78
105
234
 67
180
171
150
 13
237
 77
 25
140
166
227
 75
189
244
221
108
 74
239
 95
237
221
123
229
155
215
 45
205
 88
 30
 78
220
 11
239
171
188
 84
 34
181
121
  9
194
 61
 33
 16
228
250
 95
112
 12
215
  6
 71
 42
145
 82
 90
 84
155
 29
211
 68
 91
 53
 17
 59
157
164
 62
196
 89
130
206
254
 61
142
127
171
 60
230
128
249
 23
124
196
237
111
213
128
 31
105
 54
103
  0
245
 34
255
 25
253
 56
 75
228
 45
206
232
109
124
250
206
138
 15
 17
 96
109
117
219
 82
 88
 35
103
219
161
214
 18
103
134
 22
 63
135
 19
169
 12
 76
116
155
161
219
169
175
 49
 97
 15
201
 78
247
117
239
 94
176
171
 34
157
103
142
 40
 75
 80
131
 45
 60
 17
148
  9
228
235
241
101
 90
208
 50
 29
231
137
164
207
146
143
121
 28
122
136
185
126
225
211
 70
 79
252
 57
 32
202
217
107
175
240
100
  8
205
 65
190
213
127
 76
 51
 53
 37
128
251
 25
216
 91
 54
208
106
119
 59
131
248
196
 80
 89
 18
233
225
224
242
 77
194
 44
 46
165
 89
158
101
243
203
105
169
248
 80
163
240
158
 35
245
  6
216
 85
 11
136
181
148
195
124
188
162
 76
112
203
 68
206
 78
100
 34
  5
160
167
100
 88
 10
197
169
 30
 47
 43
 89
250
 65
  3
251
161
139
176
237
112
184
 98
121
223
200
  9
116
214
143
143
144
 85
145
241
183
 13
 92
203
109
 16
 73
 88
108
201
224
 69
111
 28
 34
156
 61
178
215
229
 11
240
129
 39
179
145
130
218
 53
 96
199
201
  9
225
 83
103
223
197
200
147
234
223
179
 12
118
243
100
160
 15
 24
 95
 78
  3
195
235
 94
  4
193
204
247
 52
135
234
 34
120
233
199
137
 30
184
244
 53
124
 77
 78
 10
 15
126
203
 75
234
110
 73
  3
196
100
126
 45
 21
107
 50
211
 85
226
 54
 81
123
174
 97
150
207
174
 32
248
159
207
 23
 61
180
156
 76
207
 39
225
172
133
192
 47
225
151
160
253
190
140
168
 36
163
227
222
186
197
205
  4
 12
159
 51
 30
145
103
136
104
114
 27
178
149
 30
 11
225
 68
157
124
 62
141
145
213
 80
199
 44
185
 51
 48
133
157
 61
 30
150
 73
183
117
107
134
 39
 10
123
109
190
142
 32
157
224
  6
155
141
 77
 23
113
157
225
214
195
189
 45
235
205
185
 18
 99
 81
213
196
 64
 75
209
 94
161
255
226
 30
 28
156
109
164
 76
129
245
 80
 73
159
247
208
230
 61
161
  6
163
237
 14
189
250
119
108
209
 71
164
133
  2
180
134
253
254
  8
145
148
 60
 28
103
184
191
 53
126
227
 14
 84
 25
176
237
125
169
 29
184
  0
 98
 80
118
208
253
183
191
 83
205
168
 58
 67
193
  7
161
 90
166
123
211
195
178
 68
157
122
215
155
144
252
 12
135
255
 85
184
212
 91
 18
190
176
216
188
192
247
122
 21
 80
180
 38
 77
121
 17
252
105
 43
 67
172
 15
 91
221
186
 53
253
150
248
 93
185
 70
  6
 98
208
  7
 64
198
215
193
236
234
159
179
 58
212
 92
220
129
121
103
201
159
 25
 53
 92
193
230
102
215
245
139
 21
165
 90
 65
 56
  7
233
  7
143
139
136
157
 99
 34
 11
 54
 29
 64
168
 80
173
138
144
155
 48
157
251
197
239
142
216
157
 27
171
122
217
233
215
160
 14
 79
 89
 80
 18
230
 14
  3
161
107
166
205
235
 97
164
 66
181
208
103
199
137
 47
214
226
155
 40
225
251
219
233
 49
187
 21
101
 47
 85
224
 79
 44
 19
190
 26
  3
100
236
131
182
174
237
 61
 68
241
 95
208
170
238
104
 51
161
164
101
 19
109
 17
111
147
  1
 18
116
245
255
127
245
236
171
241
 97
186
 36
 36
247
218
205
  9
138
 72
167
212
 34
179
216
  8
 31
146
 66
 58
 85
104
127
 55
133
  2
186
  1
233
160
245
103
109
 20
 69
194
 71
123
 60
219
129
 43
165
 28
182
159
 73
  8
100
112
137
 89
 11
 22
 55
227
 80
119
220
234
136
 80
249
 87
 58
148
229
206
167
 95
201
103
 83
159
193
224
 79
 39
144
 95
 57
200
 98
133
254
223
213
204
185
 98
 24
230
195
 58
180
