120
 71
130
 35
252
105
210
101
126
 15
 72
 61
 41
149
 32
 18
137
 81
150
236
105
115
160
 78
 87
 40
 19
159
107
 93
160
 43
156
134
149
 70
147
 46
 24
243
  3
 11
130
151
 66
240
 44
 28
164
240
118
141
  6
198
148
158
 24
 90
236
101
  2
111
160
 46
230
150
240
196
 14
 98
233
 72
 44
 44
130
232
133
 93
145
 47
101
 38
220
229
 57
 76
112
 52
162
222
 85
137
202
130
169
138
212
100
  2
227
100
129
135
100
204
 20
 48
115
 41
148
196
211
125
 57
131
116
  4
 77
112
186
 46
 72
155
206
209
 33
  0
112
242
 41
243
163
127
 95
191
 53
 58
248
136
134
 81
217
201
 76
133
  0
133
211
 91
205
 86
 78
134
 69
114
 74
110
 44
189
 71
211
141
230
 45
 82
239
192
108
109
123
147
100
 96
 68
 88
168
 89
158
 44
118
214
 80
213
211
137
103
 58
 48
 15
207
 66
 67
225
206
231
254
  0
225
215
197
 61
 57
186
136
 81
 49
102
 53
 19
225
 12
154
 37
188
 77
143
118
 15
149
 72
 73
137
 71
143
114
149
 40
 59
 72
 15
 46
255
 61
177
126
112
158
247
  3
166
  2
  8
110
149
167
176
144
137
132
154
 64
220
 38
136
216
218
  3
 73
222
153
125
101
 38
 43
183
171
 78
152
 64
137
221
232
159
 67
116
153
 95
150
 80
104
206
224
227
213
 20
 12
224
135
166
235
115
139
224
  3
157
190
  3
161
110
 24
 19
213
 40
 31
247
 38
 66
200
 57
164
195
226
 30
200
154
157
 18
148
139
237
 43
244
200
 52
218
 74
149
190
193
 58
212
 83
121
146
  2
 70
 12
250
 16
131
205
113
241
222
 46
212
117
102
127
126
159
 88
211
104
194
 11
 24
233
 69
 89
253
189
 18
120
195
122
 60
 58
 71
118
165
111
 15
138
190
137
108
 98
212
196
248
 84
 86
217
169
 21
240
 88
 16
128
 98
 62
 50
 40
143
195
115
141
129
 32
 86
139
135
 66
 82
 80
226
240
187
130
 46
 77
228
242
248
192
151
 80
126
 86
107
126
227
225
186
249
164
199
163
 59
183
 80
248
146
 31
156
145
 29
120
 90
236
167
 33
 61
166
207
 89
173
241
 17
 27
 99
188
131
 25
139
 45
150
191
 24
 81
225
 37
243
217
 85
214
  3
165
 49
190
109
143
146
228
 83
214
217
216
 16
 38
154
231
 58
157
208
103
107
 56
 33
138
214
220
148
156
176
226
 68
145
 95
143
217
209
104
 44
252
155
151
255
245
100
 89
189
127
121
191
114
242
155
 21
 95
 90
233
 50
254
121
225
 53
190
206
 90
 31
252
248
 44
206
109
 45
125
149
 19
205
155
214
  4
 23
207
185
 27
153
 81
 64
178
  5
 89
  6
201
186
137
 26
135
 62
  3
112
 34
 55
 35
214
197
130
235
235
233
 15
  1
196
251
 62
126
194
125
111
231
148
214
 22
178
219
212
104
 90
 88
 10
244
120
115
163
 53
165
110
137
  5
 67
 30
 24
 66
 31
210
212
126
243
 70
234
178
207
 31
171
138
174
 94
184
238
232
 89
234
196
 13
 63
139
 12
206
 94
 62
128
 71
 66
 35
142
237
 55
244
145
126
196
178
208
227
232
237
126
174
137
 14
138
225
128
239
150
206
251
184
209
119
159
198
239
130
122
196
223
101
 35
124
 45
226
183
 91
103
142
104
 89
220
186
 94
  9
 81
 38
248
152
237
235
  6
140
191
103
208
 53
  2
 96
 80
 97
219
 96
255
 54
 25
 86
 68
 97
  0
  4
100
  5
179
232
151
249
 63
 65
229
 52
 53
196
124
 69
137
 22
 47
177
175
222
134
170
 22
238
127
241
 15
 42
130
147
  4
 27
248
233
223
170
124
 34
158
193
 94
  1
166
209
108
127
 29
161
 45
119
179
128
205
 71
169
 28
 45
 70
127
245
200
 63
155
185
169
190
 75
130
127
219
120
186
111
185
151
199
186
 81
175
172
 23
  1
230
218
 83
104
165
  5
220
244
 64
 74
 20
128
  2
 41
243
160
  3
 83
 25
 13
147
 20
 57
195
149
240
 30
134
104
198
  9
  1
238
151
  3
193
241
 54
194
219
232
177
229
223
  7
 51
149
176
118
255
 99
 80
 55
 91
100
220
145
221
211
240
147
 72
119
252
100
 56
253
129
169
 80
 82
179
209
 14
  8
 56
224
 81
122
248
241
 16
 22
130
145
100
104
155
192
157
207
 12
201
 46
138
197
114
120
 65
 74
205
207
 75
251
 53
151
 97
 81
238
 51
254
 71
129
116
252
 71
157
 95
108
146
213
143
 54
 33
229
 74
147
 22
122
180
117
 53
116
121
224
149
142
 70
235
101
129
 15
104
230
 30
178
140
203
 31
222
168
 32
 20
234
 31
109
 89
160
 64
142
124
235
164
232
152
151
 47
112
184
128
232
244
184
170
111
 71
 20
 70
158
109
200
 82
180
 51
 91
240
144
138
202
 82
 76
161
248
 61
 28
156
 18
221
247
 82
112
 58
163
 13
121
 92
 82
208
 49
 47
 45
 67
142
135
169
255
223
210
152
 83
108
226
171
160
 78
114
195
186
115
122
158
125
201
110
172
197
 63
142
208
163
129
 99
185
 52
131
132
  3
105
 44
 99
219
 63
108
 53
132
152
213
224
240
 39
 14
174
211
222
 21
 33
 25
 87
 19
 59
154
122
238
177
  1
 56
 73
167
  7
127
223
 57
136
 23
224
 64
206
193
 82
120
 70
 61
132
153
 62
161
  1
213
199
172
252
151
179
 96
173
 82
123
 31
153
155
247
  1
 30
 75
222
  7
156
187
187
 12
126
246
144
 50
199
 89
232
  1
  2
 60
134
 98
117
 17
  4
125
230
127
150
241
189
126
123
 95
 76
219
174
 15
136
206
141
125
224
183
 16
214
155
124
107
117
 63
 72
152
104
233
159
186
109
 84
241
 30
  0
196
162
 18
161
 88
 64
 57
 40
104
132
 64
191
237
  4
137
251
199
203
253
 20
242
198
202
 23
 90
213
 93
 72
147
 65
116
 24
156
 44
 70
 19
 53
255
208
 90
 51
 15
225
188
255
 28
 17
108
 77
  2
231
 79
239
  0
 31
 83
 22
214
235
133
 28
232
234
171
165
 95
 96
204
156
 44
200
212
139
240
164
102
 47
172
168
108
255
189
 40
 16
248
238
117
 11
 84
229
121
 68
229
 89
114
 64
226
 33
 51
 66
 45
107
 21
 93
123
174
131
154
165
151
185
158
234
 38
220
173
 37
176
 89
117
224
201
102
103
 13
211
 23
126
122
105
 75
153
 14
 58
 75
182
238
219
 12
 54
 93
243
186
 18
 52
204
216
127
 31
 47
 72
206
 73
214
 12
169
185
 54
105
114
141
 50
 46
 17
 11
247
236
154
 47
 52
 45
151
 96
 91
 90
219
120
247
 22
112
 27
 25
211
245
245
 85
223
147
  5
 20
188
204
102
 87
 82
134
 39
212
 99
195
 85
114
 40
146
113
 14
 38
 25
143
166
 81
 14
203
139
107
160
 37
192
138
 77
197
157
 38
  6
134
215
246
 78
 32
221
247
  7
208
247
 86
135
172
215
143
 58
246
116
 81
166
208
221
 72
180
 29
148
 48
 88
137
198
 79
 44
 57
 26
 59
 19
235
110
144
 87
186
 59
 60
 98
 35
189
237
 57
174
123
 14
138
235
173
217
227
205
110
 97
 21
 74
181
 68
244
165
 94
213
167
159
 64
184
 98
238
119
131
187
145
218
177
200
102
239
147
156
223
195
128
209
 66
115
235
240
222
189
163
103
208
168
 56
208
 61
194
 24
169
231
156
123
177
124
238
121
146
248
255
141
209
160
187
  8
152
 50
250
 38
103
  5
175
143
 78
234
136
146
 65
171
 27
153
 83
 11
225
 96
 44
 10
190
204
144
 62
114
122
140
 73
230
223
152
149
202
117
139
176
 99
111
206
152
121
195
201
177
 41
 50
249
 28
 32
140
250
 21
164
251
 19
235
103
 73
 55
 83
147
  9
109
 61
218
124
 64
130
109
152
183
 65
 35
217
177
149
105
228
107
 19
 69
147
 39
 63
203
 23
119
217
245
 80
140
236
151
 96
 46
229
  9
139
197
233
204
 66
143
152
188
224
155
130
200
 85
 80
148
143
107
169
188
231
169
198
 46
 90
 74
228
 11
 27
133
180
 85
 98
191
157
235
164
 25
138
 32
252
117
 82
 99
149
214
171
136
216
139
180
247
 15
107
 61
 35
213
145
 32
185
160
209
120
 20
 45
244
 83
 50
157
179
148
 86
198
106
 74
  5
 48
 99
186
 35
248
 32
 18
153
 46
224
154
215
181
 13
166
199
243
120
213
 92
175
218
217
121
 21
  7
151
236
196
  9
 22
110
  5
121
124
 68
229
122
121
 81
231
154
 13
188
 91
253
 65
  1
 62
158
 70
227
232
 57
 12
 82
 28
225
165
 34
189
134
 39
  2
178
221
201
 71
203
 97
 23
100
112
  9
186
125
 56
130
211
 96
179
214
125
 24
 37
214
215
 35
220
198
 86
 66
 32
182
159
 65
 60
151
206
209
 89
134
195
147
125
238
148
 48
192
 69
160
225
187
120
164
 18
105
219
111
105
 61
254
 91
157
128
 71
110
  4
 61
 60
 15
231
250
127
 89
 13
119
 92
213
205
 81
213
210
 25
193
  8
215
107
159
109
132
 91
106
  5
 83
207
121
215
121
147
 38
 15
205
216
 39
157
 62
 16
165
195
200
180
 58
148
221
 81
 48
254
 90
152
163
 18
 49
237
 55
 48
 95
231
 45
131
 44
243
 97
  7
240
  2
  9
 17
152
110
 53
 56
 26
190
103
203
144
255
135
145
178
192
246
 30
 61
 71
 46
 15
253
 91
 38
 89
 46
 51
115
255
 69
 23
218
174
244
 63
 28
 74
114
203
203
237
218
145
234
216
 43
 77
 63
 35
 91
 14
233
178
 68
204
171
253
224
 11
190
170
 78
152
175
 22
 88
253
 31
 80
240
133
167
105
 74
 96
164
 68
 63
 43
 84
249
226
147
 29
 38
 85
 60
 16
168
 39
 44
187
143
171
229
156
 58
149
 56
235
 97
231
102
243
147
 58
 83
 96
 25
150
219
 41
195
192
203
124
212
240
141
 39
106
158
 35
234
133
222
167
133
116
 83
 22
 76
154
127
171
 20
231
149
137
167
159
100
 55
 76
 40
138
 41
145
131
 39
252
 63
 35
117
202
 71
102
251
173
 15
 87
 12
148
170
 67
 46
 37
 85
116
157
197
128
  0
 22
149
117
156
247
164
140
151
174
182
226
 86
172
 95
  9
158
126
171
235
 49
 30
 71
203
253
134
225
113
139
 77
193
137
149
133
145
175
174
233
116
142
156
195
246
246
110
 85
249
198
118
179
117
230
 41
147
135
 24
 54
177
 62
 46
181
216
219
 38
103
 55
136
123
233
245
193
221
 23
105
250
119
 51
109
181
185
108
 19
249
 87
244
 39
249
151
 48
 34
  8
189
165
 28
209
150
 29
217
 98
 54
 87
128
 86
243
107
175
162
114
249
 13
202
103
191
110
 22
143
229
230
221
 86
191
188
 53
139
 13
 23
 46
174
204
101
 18
141
200
254
 14
175
189
203
192
103
200
 66
 59
126
215
 47
 97
  2
 33
181
143
 62
 57
 18
191
 52
 32
154
132
164
221
  7
218
 71
140
248
208
138
237
180
 60
232
205
146
144
157
 10
 40
168
210
 98
 10
 25
 76
180
245
 16
156
  2
 46
114
101
 78
110
117
201
155
187
245
 96
134
238
231
 30
165
128
 76
130
138
209
187
146
 50
 41
188
 30
124
162
126
  1
223
233
219
  0
132
129
154
 87
104
 89
143
136
245
 37
233
108
200
  5
134
 52
 19
 66
224
235
 55
250
120
240
101
159
182
201
125
165
249
 94
 19
243
 18
129
 97
 48
137
172
110
206
147
 34
205
 72
176
 85
 81
253
106
172
124
 94
141
149
122
240
111
 44
124
252
 59
222
188
113
155
254
253
 99
156
 18
 14
 36
 75
130
 55
 50
 47
150
103
 12
232
126
102
132
193
226
122
235
251
246
129
198
103
144
116
104
159
242
255
 43
226
 81
133
214
 48
139
130
208
 93
 57
 51
127
150
 95
107
 31
163
164
134
 32
 82
 98
206
159
217
165
130
  0
237
127
235
252
236
183
175
  9
167
194
190
129
 47
109
 13
184
 84
 35
152
168
119
115
133
123
 17
 76
189
182
 75
 24
 31
 83
 72
117
171
102
  3
195
 99
144
228
121
224
 61
 46
 11
152
 31
206
 84
 94
 34
235
 13
155
203
 72
200
246
 80
 13
221
246
 73
171
178
 94
150
 95
207
181
139
236
 34
159
 74
 78
202
134
200
 43
212
 74
 42
103
 62
215
 45
 71
  8
236
 80
 30
 51
169
 78
237
122
251
154
224
 47
149
229
249
125
121
 65
 16
 56
185
206
232
216
 64
 78
  2
 45
181
203
136
191
 54
223
177
 62
 81
 27
 62
194
209
127
206
120
252
 22
242
 32
189
201
206
 26
121
138
135
130
 16
 54
 96
 51
235
169
152
 20
251
 26
217
237
134
184
 81
 88
216
127
226
  6
 97
185
  1
 71
247
 60
174
  7
127
 91
238
 33
 26
 74
 69
126
108
 27
 40
  9
 58
112
150
186
176
114
178
234
 66
199
172
212
 87
113
150
 57
113
163
147
 94
254
 63
 40
177
 84
  7
209
135
 17
203
223
105
 47
 14
230
230
157
 56
103
237
128
147
106
192
151
199
239
113
230
246
 12
 81
158
 94
200
205
134
209
 90
 14
 81
159
 69
 83
 98
125
 99
 67
131
186
187
 89
 22
127
 31
220
207
174
176
 35
142
201
249
 93
173
213
108
216
186
237
 19
129
114
231
 47
 49
242
198
175
211
117
168
 81
 37
167
243
 17
141
 82
225
 21
105
212
117
130
141
250
 63
188
 66
234
 51
 33
 37
 31
 44
251
 42
205
217
199
242
 21
197
 30
 74
223
 29
194
110
 65
 94
 76
106
210
 66
 96
105
247
169
 96
 40
240
 55
 68
194
 97
136
 48
124
192
243
 15
124
172
177
180
 68
212
189
234
210
101
  9
236
135
154
160
 74
178
143
155
 59
254
 20
 30
 41
 52
128
151
 80
195
197
113
 23
203
 75
 22
235
255
 61
140
185
178
177
237
242
153
235
169
111
181
 39
190
246
 25
225
213
 47
243
104
 17
114
186
255
156
 34
 13
128
174
162
 45
218
245
112
 89
219
 84
166
 68
229
  2
141
197
232
224
250
214
226
246
171
243
154
 75
 90
215
 77
191
 38
162
181
153
207
156
187
127
103
186
214
 36
102
228
196
199
230
169
 54
197
  7
 39
 80
119
132
 62
228
 72
  1
146
231
 24
137
 32
 29
234
 64
 25
 78
100
 35
246
252
 59
114
 73
128
 32
  2
 45
 29
221
113
106
220
 60
232
  8
105
 33
 85
 78
 99
 72
 97
 21
 77
110
149
 25
162
229
  8
176
170
 24
206
157
 35
150
189
216
186
142
225
 51
 17
 40
239
133
 86
208
155
167
253
 50
 86
133
146
189
183
 71
231
204
136
108
 67
219
242
141
 59
149
156
 59
  8
 21
107
105
195
133
243
 48
151
 72
105
 25
218
252
121
 42
153
 91
135
235
132
165
 23
173
176
170
184
 48
 52
244
132
254
  7
 24
  0
 78
155
 77
222
231
 36
122
251
 29
230
131
221
 71
146
240
 34
188
 48
199
176
224
171
173
 90
152
 91
237
125
194
245
167
224
 91
154
151
204
 75
 83
100
 74
 18
153
138
151
150
103
 86
116
189
 14
 42
 52
 23
138
136
175
222
198
222
 31
103
104
 14
184
198
 92
  7
206
205
 98
 79
228
132
  0
 46
168
117
155
246
143
 69
 29
107
 30
 38
 40
182
168
243
 62
  8
107
 96
 32
 76
 53
  4
177
143
149
112
236
120
200
166
194
157
 91
176
139
 26
 76
 79
 55
244
123
 63
 70
190
241
112
225
 81
151
152
234
137
162
120
 19
201
158
118
 65
 23
158
151
118
 61
180
181
127
 60
 93
 50
242
 87
241
135
139
172
124
195
201
  7
 24
236
217
158
 31
 74
 42
 73
 80
117
 33
132
240
161
208
152
238
 36
 46
180
 54
 95
138
161
233
 57
 53
 50
214
162
  5
  5
 91
 39
 95
 77
120
 16
 89
252
235
 77
236
234
130
 35
145
  5
 28
 78
236
211
106
 28
 74
107
 98
124
 25
 51
 99
 57
187
165
239
234
152
120
 72
176
  5
 38
 43
177
 99
  3
 35
 34
235
 74
100
231
230
 84
148
122
 69
181
253
 80
 47
188
244
 89
 37
124
109
 16
 62
 24
 44
149
 48
128
232
 65
 45
155
136
 72
175
163
143
  8
116
  7
126
 44
 53
186
227
149
204
178
231
114
 80
151
 34
169
 86
 14
113
 62
 19
110
162
 15
235
  3
169
228
249
 20
228
147
126
100
 85
236
227
240
 94
 88
158
207
 47
137
188
 56
 12
116
198
 94
168
152
153
168
  6
 87
121
 45
 79
224
 75
 29
102
101
  8
236
169
 28
 72
 22
120
154
154
  6
 51
 45
 28
 67
 28
158
103
 46
 23
 28
  7
 97
124
205
 30
168
164
 99
 32
 92
231
134
 64
 59
 43
185
 41
 77
223
112
154
210
120
173
 32
240
201
 54
224
 62
  3
 31
 22
  0
237
143
 38
148
171
230
172
195
168
205
195
215
135
183
 62
 83
  7
226
230
221
134
164
 49
 38
 99
161
 71
 43
171
191
183
204
120
 51
 14
196
186
 43
184
230
122
 42
 39
 74
220
199
118
176
247
164
245
248
 32
230
119
  0
  3
126
114
 15
227
 20
 37
116
118
 82
 70
133
129
133
163
 85
199
154
145
254
101
 61
 48
 92
178
 82
213
158
209
163
210
177
133
 26
157
  9
160
 41
 51
 62
200
189
110
159
164
 58
232
102
 23
 75
 48
201
226
 50
204
 39
215
129
 27
229
 98
 99
174
 16
235
207
 56
  1
 75
153
125
  4
 73
 61
 30
164
 60
130
104
 44
199
 50
112
199
110
153
143
153
 86
226
108
 14
217
169
231
 70
214
244
223
100
  5
174
 89
177
220
 39
239
220
201
110
197
 76
 15
 78
220
 32
185
189
207
 44
 20
156
 36
 74
133
122
 43
 17
222
223
 59
 94
 52
247
113
111
  3
244
 90
 73
 26
217
 85
146
 20
 76
 70
 40
 16
179
189
 60
201
 12
134
154
254
 17
185
 68
145
 20
180
238
176
 22
102
200
240
114
218
252
 73
 41
109
 36
 71
196
 48
232
 91
240
 63
 86
228
 63
218
229
120
 44
226
207
156
 21
 17
 12
  8
 21
226
 32
 70
 87
120
206
208
144
 72
124
205
 60
 11
193
 88
212
  3
 75
 26
254
245
136
198
250
 31
 46
 15
223
 67
178
114
139
119
176
177
108
157
 40
151
 39
 86
 95
131
 56
 38
 21
149
  9
250
254
224
 55
 71
131
 50
 60
246
152
187
169
244
133
 52
 79
113
237
221
113
238
148
 61
 28
173
117
118
244
236
 75
149
249
102
 91
148
 69
189
129
114
 76
 15
123
113
155
153
117
216
 52
 75
151
120
110
 57
146
135
211
 70
 82
  4
154
152
250
183
 22
150
 50
 42
235
106
202
117
177
152
 46
185
159
 70
229
137
247
114
188
 38
222
  8
119
135
175
247
166
123
250
251
112
 55
154
 20
212
114
 93
109
 91
180
227
100
 46
 79
153
243
 14
 45
 82
 25
138
124
 46
204
156
252
155
170
 76
238
 47
108
232
201
  2
 29
173
175
184
163
 42
238
192
159
 47
 32
183
106
  2
 15
 20
 48
135
162
 26
 57
 23
 42
159
 36
182
221
134
  1
183
229
 72
179
155
195
237
112
 58
130
220
 50
214
100
 29
198
130
158
132
185
154
165
  8
110
140
115
160
 89
  4
 89
 80
 51
229
163
 93
  6
200
200
134
 36
138
236
 53
111
253
214
219
 31
162
252
 49
105
 56
 92
 10
 10
103
198
 24
141
123
 10
  0
192
 29
  3
 17
 88
 74
  4
137
 26
132
 68
 80
 51
226
101
159
254
133
  7
195
184
146
 71
 66
188
212
103
228
125
185
140
181
171
 49
152
136
166
162
201
241
153
 29
174
238
135
240
199
207
 80
 93
220
  5
  5
156
116
133
 99
127
126
213
188
107
 35
145
118
187
 36
108
137
158
246
 74
142
117
172
 42
 37
225
139
 39
 86
223
 30
227
 59
107
199
124
 72
106
 99
239
171
  7
232
226
 49
166
198
  8
 92
 30
176
237
165
243
252
 96
161
194
179
 73
 97
121
251
143
 66
 94
133
 64
161
255
226
 30
 28
137
101
164
  9
135
227
 23
 13
159
234
193
187
 97
173
 99
170
199
 30
161
229
121
 84
180
 22
173
234
 39
146
191
222
203
  1
254
154
 54
115
 20
181
191
 34
 84
173
 36
 59
 57
248
251
 53
164
  0
186
  0
 98
 87
 63
211
188
179
162
 66
175
130
120
 13
203
  0
170
 83
235
 18
155
134
129
 93
212
104
223
156
148
213
  5
155
248
 38
223
157
 59
115
195
236
228
145
240
230
 21
 63
  2
241
100
  9
 21
 85
253
 61
 91
109
153
123
125
237
134
 20
215
161
211
 97
132
100
  6
 55
130
 85
 91
205
209
214
236
161
130
225
 74
250
122
252
166
 73
 91
247
164
112
  1
 25
130
178
102
198
255
132
 31
224
 20
 71
113
 56
198
 39
251
167
185
241
121
 55
 29
 95
 63
 20
250
 89
163
244
181
242
101
207
180
197
167
211
159
145
 31
164
 70
235
128
172
202
 48
 51
116
 49
 37
151
 63
107
136
 54
235
159
151
 24
194
 40
243
142
 57
137
210
 47
213
242
212
 60
239
189
132
244
110
180
 73
103
 60
 12
250
 18
 38
 95
226
 95
 39
 96
240
205
247
245
222
 19
121
203
127
236
146
200
 64
  2
155
234
 56
 21
 34
 80
118
157
 80
 10
 49
226
233
 60
255
185
189
244
109
238
118
 39
231
202
193
 20
151
  4
224
168
 91
195
162
 81
 87
155
  3
 60
 91
 48
126
 44
135
  0
244
 22
231
166
252
 34
 99
 87
 94
206
 71
 52
125
149
141
 56
180
 28
224
132
 81
 88
 56
116
137
 75
 78
 80
 55
202
 18
 38
153
254
144
 63
189
 76
 60
152
182
210
251
 78
199
 99
 21
128
206
179
 76
 42
255
 59
124
201
100
132
254
144
144
206
198
 83
 50
220
208
125
221
208
160
 36
226
157
145
 53
238
254
114
209
189
111
 69
 23
 10
151
178
167
237
 61
135
 87
 58
136
246
 64
140
231
208
129
 16
 94
 68
248
 90
248
  7
 81
108
109
242
181
173
140
230
 38
 39
139
 26
166
136
121
 57
 84
234
127
246
250
202
212
109
216
 44
 54
 44
133
231
207
 83
178
146
253
157
246
184
  0
198
112
  3
170
177
207
145
 61
174
 91
 69
173
161
116
155
  6
162
 19
165
211
  3
129
177
 12
 31
101
171
216
 60
194
254
234
192
 82
  5
 70
213
190
239
 57
211
202
149
172
217
112
208
 28
193
 93
177
233
 44
178
 35
164
153
 22
 51
113
103
130
216
 50
222
105
242
113
 20
 67
  1
119
 13
 75
 42
 38
 21
 52
203
181
 76
229
101
205
232
 34
118
 10
 25
213
104
239
119
 75
244
 11
221
131
125
 18
 18
  6
  8
 86
 95
 92
 32
199
 40
177
249
149
141
 87
 66
198
179
 36
247
215
221
178
 31
 53
252
 98
134
151
 73
 12
226
108
 65
 82
159
156
 71
240
  7
 51
149
 92
159
 89
 71
132
214
145
238
229
 46
224
 36
 33
 72
254
 48
181
134
182
232
175
121
194
 86
 76
236
 84
154
 89
 97
194
  6
 95
 85
138
 83
204
250
217
133
 45
118
228
252
183
 16
 49
165
135
 55
225
228
153
132
 12
 74
 75
 24
 60
 72
116
239
 91
225
187
119
171
239
210
236
195
116
116
 35
181
 31
 77
246
193
 63
178
 79
 92
 76
111
142
 69
173
 60
151
243
  6
229
119
 25
196
168
 64
 47
208
235
187
 64
152
104
  8
204
116
 82
 21
164
137
 36
122
 38
 20
104
 55
212
207
 89
  0
 66
 16
213
 25
198
183
124
135
191
 21
117
155
216
 12
210
132
 58
135
137
 88
163
207
184
143
 31
 68
 62
  7
121
 34
173
 11
125
186
170
 84
 20
199
 28
 73
143
 72
 85
 79
197
231
176
 68
175
144
 52
  9
152
116
  8
235
251
159
  5
176
192
149
 79
 35
 60
116
105
176
 62
 37
169
181
161
233
 22
170
 71
135
170
 79
148
 86
 66
161
  0
240
175
248
201
 38
  8
241
250
 57
199
176
 14
227
110
196
 94
112
234
173
190
205
  7
128
 91
 71
159
217
223
188
130
234
  4
254
237
 59
 62
120
232
126
156
  3
133
 53
122
183
236
227
143
252
178
223
136
178
  8
140
 79
124
 64
141
149
147
 15
243
 81
191
118
 45
 11
 63
 22
166
182
225
210
 77
 50
219
130
149
188
 93
 65
 92
205
 20
155
126
119
 96
 56
  9
 37
198
147
 54
214
 49
254
201
 92
  9
184
194
 59
 25
241
 46
114
186
195
117
125
142
246
 37
 36
202
197
117
224
113
 55
187
  7
242
118
252
227
208
106
240
 67
116
 89
162
 29
128
 86
 30
 50
126
163
194
108
 88
 12
185
246
 19
236
231
225
140
108
 18
 39
 89
  9
 25
108
 27
  1
148
 42
228
 35
104
237
110
178
219
116
243
 81
  8
 19
200
  9
238
 67
213
102
159
 98
190
 82
206
 34
150
 70
107
144
179
251
  8
 69
 27
187
 73
198
173
  7
129
240
 58
179
180
254
101
240
110
145
165
226
209
 84
 64
 95
153
133
217
201
206
243
189
 48
113
  9
251
142
 80
154
168
187
119
239
232
149
234
194
 91
  6
207
199
121
187
  6
250
157
123
 89
 98
168
195
139
 94
140
 36
 46
 80
103
208
183
157
 11
143
186
188
180
 18
  8
143
210
209
207
 47
217
 31
161
 75
 11
117
 27
168
234
156
201
 10
240
134
120
 16
 17
255
133
101
 90
115
 55
 98
 43
 38
102
251
 20
 25
 56
159
 72
102
 51
173
248
194
231
140
166
123
166
141
150
  9
 37
 22
182
234
211
 85
244
 64
 86
 74
 95
205
 42
  6
134
 95
202
187
 51
202
164
102
 99
145
219
217
 92
 68
 44
 49
196
149
 84
100
184
 19
122
 70
141
172
207
195
157
229
 27
216
195
125
 97
 79
 94
215
165
142
202
 76
168
  7
140
 23
 33
184
 28
245
 13
241
247
 31
153
142
 19
203
 91
204
 28
 74
138
251
245
205
 47
132
231
213
  2
 42
 14
 75
 91
225
 91
 67
206
157
 39
113
 61
 74
228
 63
196
218
177
 44
113
 88
142
119
 61
174
 84
130
105
115
102
171
 22
147
 77
 32
 55
163
 54
 76
 77
168
130
  8
234
 75
100
 14
 46
 67
 54
140
 94
183
 44
 14
195
 35
 39
206
 89
190
197
 29
  0
232
200
221
 58
 23
247
223
135
 98
 36
246
230
 94
 46
 26
215
195
163
132
 18
 70
223
107
 14
117
120
215
 50
250
 39
112
 40
153
104
239
140
 77
188
  8
132
143
124
235
168
193
171
222
116
162
 87
 81
247
 89
201
253
 85
 90
145
 79
177
 46
114
192
 98
204
212
 90
 80
 17
131
 66
153
161
210
225
240
 20
116
160
151
 94
 12
158
101
152
 38
 82
162
236
 79
156
 10
 97
119
 45
 83
  4
204
 37
127
 37
 45
226
 14
102
239
  6
214
 21
 28
  7
224
167
231
145
182
199
 23
196
127
189
248
  3
195
234
 71
181
166
 12
160
 56
241
190
170
214
136
248
 78
 60
133
109
187
 23
244
190
242
204
212
 99
155
107
 98
253
 43
240
162
113
 78
195
191
 24
 47
116
160
120
130
212
 73
 15
105
 57
 36
 22
 97
217
 13
 33
 60
121
151
104
 91
106
221
104
 77
225
232
166
157
228
220
 96
109
200
135
134
 83
109
220
 67
107
218
 66
234
102
  3
121
239
143
 78
171
248
224
124
 75
205
 93
 20
243
196
172
162
242
 58
 73
254
115
 47
160
110
205
241
222
141
163
179
154
 47
187
136
110
 54
 66
 15
138
102
115
147
167
177
111
206
 14
166
 83
 36
159
 81
 29
 16
 23
 17
202
 55
 40
236
 62
186
  3
217
105
 17
 65
 84
201
165
 95
173
116
 38
227
175
106
110
214
247
 10
165
 53
237
 70
 49
132
223
114
164
 16
 65
106
122
 66
 78
 87
114
 44
 95
 20
163
129
 48
 28
 55
211
 87
 31
133
202
128
 67
103
211
176
 59
116
 73
 92
114
174
 87
219
 13
169
251
188
 31
237
107
133
 31
214
  5
171
 23
 83
220
213
199
143
235
 50
 12
253
195
 15
 37
 26
193
 51
139
134
236
255
124
109
 54
110
106
127
231
125
248
182
 67
 32
 45
  4
211
 47
 34
204
170
 82
168
 27
 93
245
202
  5
125
  8
124
147
219
 49
114
  0
146
 22
126
 60
214
 54
233
 30
111
 79
 56
 58
215
 50
245
 36
248
192
 63
189
237
  5
159
215
 82
190
144
 33
149
158
238
173
 46
176
 64
142
189
132
215
240
 96
 50
177
126
134
 38
 66
172
 38
164
  0
154
110
 57
 47
151
252
217
  3
218
250
159
 52
168
126
 32
 55
185
251
253
227
227
 95
 99
155
 35
 22
138
111
 51
229
181
220
  3
111
 76
139
105
 71
 20
139
 81
103
 18
 24
 17
146
194
208
  0
112
187
 86
 75
 54
 13
220
 15
252
 27
250
 74
 37
 35
177
 89
167
 92
 66
202
157
  3
 76
208
  8
226
  1
 26
 33
146
127
210
 18
228
127
170
208
 28
 78
157
 79
100
202
 43
251
161
102
 56
149
 99
150
104
166
 69
 86
 50
222
191
197
237
109
120
145
 28
166
 61
238
225
111
215
213
 41
220
181
120
 79
104
226
  3
 20
 75
187
144
238
  2
 33
185
214
246
245
202
202
 20
135
 68
 12
235
 20
114
 30
115
250
129
103
113
 62
151
188
 77
187
 45
 62
 32
 43
 86
189
197
 63
 51
107
201
 24
 32
205
 54
212
 88
 89
104
 41
206
141
  6
221
221
221
 49
168
128
102
175
 87
214
 58
192
185
210
160
 19
 83
 62
101
 98
 36
153
212
207
 92
 95
106
  3
115
153
109
234
 40
 74
135
 80
252
 72
154
138
223
194
114
238
215
 48
210
242
211
160
218
118
145
186
126
210
180
 45
151
250
 35
 49
 57
 17
227
180
132
 97
 33
214
 60
162
132
251
141
226
  4
 43
 58
 11
217
 95
251
 11
176
230
  4
253
 84
102
 55
109
 67
 47
 54
101
 46
242
174
197
145
108
159
192
164
113
105
190
 77
190
224
 88
173
240
103
 85
130
117
119
158
  7
  2
 36
  2
164
189
 32
165
 18
 91
100
231
 50
 67
 64
  0
198
 49
223
163
118
178
219
 25
 81
 95
 64
163
153
 64
104
  3
196
133
161
 48
186
142
187
 64
 97
 13
145
 32
  5
 50
 51
155
167
129
194
 28
251
  4
125
188
 47
179
 76
143
219
237
 61
189
130
180
134
 37
132
142
188
116
178
252
 27
111
163
244
 30
 33
223
124
165
159
254
  1
252
 38
150
 19
247
117
234
 18
224
 49
143
146
114
161
139
246
 97
163
243
117
129
228
170
202
194
223
142
204
212
158
104
158
130
103
 36
105
 49
  4
188
 50
217
 78
251
173
244
 99
161
103
 35
219
 95
 72
  4
252
 98
237
103
239
143
 41
 55
149
 82
 63
249
 36
202
116
211
236
103
184
152
106
221
243
139
141
 90
110
 42
 27
153
124
 27
 52
 60
233
156
238
226
228
113
 47
 84
179
 49
249
110
125
110
225
 63
  5
187
152
 47
  6
225
201
 36
 68
230
150
111
127
238
177
107
112
 82
229
128
 58
170
 55
 46
227
 71
 70
137
252
102
 44
223
192
165
 18
 77
136
242
228
164
 25
130
248
 64
 74
 40
 81
252
240
 26
 33
 55
145
 99
253
 94
224
190
 37
238
141
 68
176
 61
215
178
 94
102
250
243
211
 25
 25
 75
231
 67
188
192
129
  3
254
 37
122
174
215
  8
 30
196
120
 89
 73
217
 41
 47
191
105
100
  4
 57
230
155
147
246
 72
  9
 95
178
252
166
 40
134
 75
 41
111
234
164
 36
 24
 78
199
 36
 68
188
231
170
148
126
 99
 68
 12
 72
192
133
146
 42
240
 74
 79
167
 35
 41
 45
230
 33
181
191
 30
169
 65
199
223
251
128
145
148
 78
151
213
 74
236
199
147
104
 51
 71
178
114
236
 24
138
  1
 16
 62
188
217
 93
143
121
219
193
248
 50
146
202
240
 25
247
229
102
222
 41
235
145
 74
191
106
 73
125
 10
 39
 18
125
198
232
183
 98
189
216
 84
237
173
 26
  6
222
142
156
176
 11
 56
159
 22
229
 89
233
137
 25
 47
164
 17
118
118
218
 44
 88
 67
 70
 75
156
 28
 53
180
 20
 84
 99
188
 21
234
 96
237
 68
 81
157
120
240
 42
  0
128
216
110
125
147
 45
187
183
 40
108
 66
 51
239
187
218
170
231
163
128
 23
 74
159
 59
149
182
 99
 87
175
 63
244
198
142
255
255
209
139
244
211
 89
155
108
234
 89
189
133
252
255
 80
119
112
129
233
 72
206
225
 43
225
199
254
197
244
163
158
107
 68
216
167
 13
 28
156
182
177
190
106
131
154
202
212
239
226
130
163
 27
 92
218
155
204
208
167
235
238
231
 60
178
201
 28
 95
145
207
102
219
 14
238
122
188
228
217
213
155
156
131
 47
127
 58
 29
 17
119
106
181
120
188
255
211
228
161
 86
130
198
147
 72
111
 54
 23
112
180
233
129
136
164
203
153
106
 93
 65
115
 48
246
164
243
162
 56
 46
186
 60
185
 16
222
 52
  3
120
241
197
230
 66
153
228
225
239
151
 74
194
175
 39
222
117
 12
226
 98
205
153
201
157
 40
115
125
 40
192
 90
 21
197
198
 94
219
 20
201
252
  3
202
228
 70
195
113
173
 21
113
 73
175
 56
206
 49
107
225
185
198
 22
251
215
 52
209
 47
248
  9
 35
 72
 21
195
249
  7
190
 57
 76
132
198
  4
 35
231
 63
117
 47
 21
225
122
154
109
196
234
 61
128
153
193
125
 86
184
239
208
163
 41
 72
108
208
 41
192
217
 35
139
 98
 33
238
 92
171
 68
228
244
 30
  3
 79
241
202
 22
 79
 89
 23
232
  0
 40
174
113
192
 81
246
189
157
 57
 71
244
188
 85
131
239
106
142
146
239
  4
170
115
 49
232
 92
161
203
215
150
170
 85
146
254
163
 65
 19
131
196
172
211
218
 78
213
169
118
198
234
100
154
226
145
 81
135
 19
215
194
134
  6
249
138
 18
214
 84
184
130
253
164
 44
138
164
252
233
201
  0
206
151
 57
125
  4
 92
119
 60
169
 70
 96
115
144
 99
104
 37
 71
139
245
180
199
242
223
187
 85
 56
250
252
 42
172
 21
 93
 60
  7
234
227
144
 96
 29
118
188
196
233
 36
109
207
 57
 26
136
 23
226
118
 81
230
 24
 56
 16
150
253
 96
237
 13
169
 62
149
 44
249
154
 54
 50
 77
186
 57
 73
 60
 31
178
150
 71
244
 55
250
 23
 52
 16
160
229
124
 67
 39
108
155
232
 77
213
188
145
219
 32
 38
247
209
219
 53
239
  2
  6
  6
113
128
148
111
173
 81
 15
239
108
204
125
196
240
 97
 67
109
 83
 36
 27
193
 35
141
116
196
 43
 45
 22
216
210
 57
  7
 12
124
 86
 60
 68
103
 36
132
230
202
240
 73
 98
 57
 65
 35
 48
242
 31
163
  9
215
247
232
  3
 72
132
 26
137
 64
  9
 47
 28
253
 77
120
105
 56
167
178
106
178
238
229
140
 33
 55
108
  5
 52
 81
 50
 94
 10
 38
105
 33
156
 47
 10
173
251
 81
 33
 18
 25
111
 27
248
210
 96
 38
 22
161
 56
 22
145
129
137
215
227
244
 81
235
121
 76
142
182
120
169
159
156
172
173
 23
236
255
124
127
144
 85
247
 67
 42
 62
 23
 36
 82
230
 96
131
 53
120
 93
130
172
 64
178
157
250
  4
238
150
235
 25
143
195
 46
152
182
137
232
173
245
169
156
203
 13
184
 24
181
140
  9
  2
 32
 13
 23
203
 21
149
108
116
 70
 40
 38
186
 48
240
 49
246
 37
245
 23
 70
229
 40
203
120
223
184
198
212
 91
 85
125
147
  7
 51
118
174
108
 73
 90
182
195
 30
121
 53
 63
227
123
 42
174
204
253
220
137
 52
 33
192
 91
101
140
 76
200
 60
153
159
167
  8
237
185
 30
 17
 31
251
162
192
  9
112
227
153
 32
 90
135
 85
215
135
 88
 82
218
113
117
106
107
113
153
 78
168
234
196
 52
126
124
241
158
 54
 61
208
183
 44
170
 49
230
176
105
 21
198
 40
 74
 94
230
238
116
110
169
255
211
208
 23
203
 67
158
109
101
212
 34
 94
130
 50
253
154
171
 40
 20
 48
120
202
224
186
243
 55
 91
137
 40
 75
 53
251
 48
108
175
159
131
186
 61
120
  4
219
199
156
158
 40
  4
 79
213
146
 33
 86
208
200
207
 32
138
 84
247
230
129
 17
200
 26
 42
 55
 13
 77
 98
233
172
 74
118
 97
213
151
213
 84
246
 15
 54
161
205
197
 49
212
117
155
  2
 64
222
 38
 23
166
  7
 13
 99
 95
211
143
 57
156
178
  6
126
100
 92
233
148
104
198
132
 69
132
217
 25
127
181
104
 15
133
 39
248
225
124
 12
212
105
 64
  1
 47
216
181
 20
 40
186
 76
151
  9
213
208
114
171
148
 97
 59
130
 35
140
163
104
 93
201
230
110
 72
168
 75
 90
163
127
 94
111
 22
 65
 71
172
 50
221
186
204
 42
157
123
134
246
179
 54
173
 49
178
122
203
  2
176
 40
109
 88
136
233
152
154
 94
 91
227
168
202
222
  1
182
 25
 61
237
180
219
135
 47
196
 14
135
  1
211
154
  9
 31
 97
124
210
174
 77
154
233
109
227
203
172
 10
174
101
202
255
159
183
160
189
 27
 76
223
163
147
136
234
 22
195
 23
218
146
 93
 15
138
148
 69
142
 66
164
192
223
 58
 89
207
218
178
146
167
246
 42
 13
 86
149
 90
157
 17
159
204
108
231
245
107
 69
125
147
255
115
226
186
245
233
 64
183
 73
133
155
 41
 72
 32
 97
114
125
192
193
102
155
 76
 25
 99
219
 39
175
  5
139
115
183
 15
 78
211
110
 92
 19
129
189
211
119
229
211
144
  7
164
227
218
 49
 44
179
 50
221
137
230
173
117
198
 94
254
 88
 49
187
161
 58
105
 79
  8
 45
246
 92
 14
 77
 73
 79
 73
247
248
234
179
 85
 60
147
230
 16
 86
160
151
250
128
136
236
245
229
234
195
 52
141
153
 46
219
164
254
255
245
 21
196
168
 42
157
  8
149
231
 11
117
  5
101
 91
 55
251
149
146
230
  5
188
205
238
 78
131
203
 82
185
218
 17
236
166
187
137
181
235
 53
190
152
137
184
 95
237
194
 83
170
132
107
 81
223
157
144
167
153
146
104
241
164
 74
 17
122
172
200
 24
109
185
156
 81
130
150
 77
169
119
 71
 12
224
173
123
115
 98
123
158
 82
114
200
 85
225
183
 19
 26
196
212
207
145
222
162
 14
191
142
178
122
194
144
 54
  9
 20
125
 49
 47
214
 99
180
107
149
195
159
 94
 56
145
 75
108
 67
212
145
218
201
177
  6
205
249
105
103
143
 67
 95
 40
246
 70
 83
251
235
 78
 56
 37
113
134
126
 74
 41
158
 40
 21
185
229
139
 90
171
167
144
 60
232
 13
149
216
170
 70
147
199
117
109
163
238
 33
217
 62
 58
 48
202
  2
125
167
 97
 16
178
180
 83
104
215
 75
 95
180
 45
 95
 12
235
191
 54
115
132
  5
249
 55
242
199
214
210
183
 31
 18
175
129
 51
 23
177
